# unix_time, cycles_done, cur_path, paths_total, pending_total, pending_favs, map_size, unique_crashes, unique_hangs, max_depth, execs_per_sec
1601846788, 0, 0, 5, 5, 3, 0.06%, 0, 0, 1, 2857.14
1601846793, 0, 1, 43, 43, 3, 0.20%, 5, 0, 2, 4100.27
1601846798, 0, 4, 47, 46, 25, 0.21%, 8, 0, 2, 4659.77
1601846803, 0, 5, 47, 45, 24, 0.21%, 8, 0, 2, 4864.09
1601846808, 0, 9, 47, 43, 22, 0.21%, 8, 0, 2, 4714.87
1601846813, 0, 10, 48, 43, 21, 0.21%, 8, 0, 3, 4798.90
1601846818, 0, 14, 49, 42, 21, 0.21%, 8, 0, 3, 4828.91
1601846823, 0, 20, 49, 40, 19, 0.21%, 8, 0, 3, 4777.66
1601846828, 0, 21, 49, 39, 18, 0.21%, 8, 0, 3, 4665.54
1601846833, 0, 26, 49, 37, 16, 0.21%, 8, 0, 3, 4706.86
1601846838, 0, 27, 49, 36, 15, 0.21%, 8, 0, 3, 4749.17
1601846843, 0, 29, 49, 34, 13, 0.21%, 8, 0, 3, 4756.95
1601846849, 0, 30, 49, 33, 12, 0.21%, 8, 0, 3, 4756.00
1601846854, 0, 36, 49, 31, 10, 0.21%, 8, 0, 3, 4650.23
1601846859, 0, 37, 50, 31, 9, 0.21%, 9, 0, 3, 4624.51
1601846864, 0, 38, 50, 30, 8, 0.21%, 9, 0, 3, 4554.33
1601846869, 0, 40, 50, 28, 6, 0.21%, 10, 0, 3, 4695.29
1601846874, 0, 43, 51, 27, 4, 0.21%, 10, 0, 3, 4641.84
1601846879, 0, 47, 53, 27, 2, 0.21%, 10, 0, 4, 4762.73
1601846885, 0, 48, 53, 26, 1, 0.21%, 10, 0, 4, 4686.25
1601846890, 0, 53, 64, 36, 0, 0.21%, 10, 0, 5, 4763.13
1601846895, 0, 53, 68, 40, 0, 0.21%, 14, 0, 5, 4750.46
1601846900, 0, 60, 71, 41, 3, 0.22%, 14, 0, 6, 4762.19
1601846905, 0, 67, 72, 41, 4, 0.22%, 15, 0, 6, 3621.35
1601846910, 0, 68, 74, 42, 3, 0.23%, 15, 0, 7, 4265.59
1601846915, 0, 68, 79, 47, 3, 0.23%, 15, 0, 7, 4656.93
1601846920, 0, 69, 81, 48, 7, 0.23%, 15, 0, 7, 4643.51
1601846925, 0, 72, 81, 46, 6, 0.23%, 15, 0, 7, 4677.22
1601846930, 0, 73, 82, 46, 5, 0.23%, 15, 0, 8, 4584.84
1601846936, 0, 75, 83, 45, 3, 0.24%, 15, 0, 8, 4688.34
1601846941, 0, 75, 88, 50, 3, 0.24%, 15, 0, 8, 4689.72
1601846946, 0, 78, 89, 50, 3, 0.24%, 18, 0, 8, 4705.23
1601846951, 0, 79, 89, 49, 2, 0.24%, 18, 0, 8, 4636.86
1601846956, 1, 7, 89, 47, 0, 0.24%, 19, 0, 8, 4562.56
1601846961, 1, 15, 89, 46, 0, 0.24%, 19, 0, 8, 4846.50
1601846966, 1, 41, 89, 44, 0, 0.24%, 19, 0, 8, 4753.54
1601846971, 1, 45, 90, 44, 0, 0.24%, 19, 0, 8, 4611.54
1601846976, 1, 56, 90, 42, 0, 0.24%, 19, 0, 8, 4780.40
1601846981, 1, 58, 90, 41, 0, 0.24%, 20, 0, 8, 4574.49
1601846986, 1, 62, 90, 40, 0, 0.24%, 22, 0, 8, 4603.47
1601846991, 1, 84, 90, 39, 0, 0.24%, 23, 0, 8, 4560.00
1601846997, 1, 86, 92, 40, 0, 0.24%, 23, 0, 9, 4590.40
1601847002, 1, 88, 94, 41, 0, 0.24%, 24, 0, 9, 4712.22
1601847007, 1, 91, 95, 41, 0, 0.24%, 25, 0, 9, 4712.89
1601847012, 2, 18, 95, 39, 0, 0.24%, 25, 0, 9, 4737.93
1601847017, 2, 33, 95, 38, 0, 0.24%, 25, 0, 9, 4713.78
1601847022, 2, 52, 96, 37, 0, 0.24%, 25, 0, 9, 4543.43
1601847027, 2, 55, 96, 36, 0, 0.24%, 25, 0, 9, 4575.61
1601847032, 2, 63, 96, 35, 0, 0.24%, 25, 0, 9, 4530.45
1601847038, 2, 79, 97, 34, 0, 0.24%, 25, 0, 9, 4684.16
1601847043, 2, 94, 101, 38, 0, 0.24%, 25, 0, 10, 4636.84
1601847048, 2, 96, 103, 39, 0, 0.24%, 25, 0, 10, 4594.76
1601847053, 2, 99, 104, 38, 0, 0.24%, 25, 0, 11, 4511.84
1601847058, 3, 0, 104, 37, 0, 0.24%, 25, 0, 11, 4728.49
1601847063, 3, 9, 104, 35, 0, 0.24%, 25, 0, 11, 4837.21
1601847068, 3, 24, 104, 34, 0, 0.24%, 25, 0, 11, 4735.10
1601847073, 3, 31, 104, 33, 0, 0.24%, 25, 0, 11, 4733.80
1601847078, 3, 44, 104, 31, 0, 0.24%, 25, 0, 11, 4585.43
1601847083, 3, 64, 104, 30, 0, 0.24%, 25, 0, 11, 4526.43
1601847088, 3, 81, 104, 29, 0, 0.24%, 25, 0, 11, 4517.23
1601847094, 3, 92, 104, 28, 0, 0.24%, 25, 0, 11, 4470.00
1601847099, 4, 28, 105, 27, 0, 0.24%, 26, 0, 11, 4567.67
1601847104, 4, 57, 105, 26, 0, 0.24%, 26, 0, 11, 4738.46
1601847109, 4, 72, 106, 26, 0, 0.24%, 26, 0, 11, 4678.45
1601847114, 4, 103, 110, 30, 0, 0.24%, 26, 0, 11, 4526.65
1601847119, 4, 105, 110, 29, 0, 0.24%, 26, 0, 11, 4504.34
1601847124, 4, 105, 111, 30, 0, 0.24%, 26, 0, 11, 4535.97
1601847129, 4, 105, 113, 32, 0, 0.24%, 27, 0, 11, 4607.57
1601847135, 4, 107, 113, 31, 0, 0.24%, 28, 0, 11, 4475.40
1601847140, 4, 107, 116, 34, 0, 0.24%, 30, 0, 11, 4518.63
1601847145, 4, 114, 116, 33, 0, 0.24%, 30, 0, 11, 4472.32
1601847150, 4, 114, 117, 34, 0, 0.24%, 32, 0, 11, 4564.89
1601847155, 4, 116, 118, 34, 0, 0.24%, 32, 0, 11, 4453.92
1601847160, 4, 116, 118, 34, 0, 0.24%, 35, 0, 11, 4527.33
1601847165, 4, 117, 119, 34, 0, 0.24%, 35, 0, 12, 4443.08
1601847175, 4, 118, 119, 33, 0, 0.24%, 35, 0, 12, 4427.14
1601847181, 5, 17, 120, 33, 0, 0.24%, 36, 0, 12, 4595.01
1601847186, 5, 42, 120, 32, 0, 0.24%, 36, 0, 12, 4769.06
1601847191, 5, 67, 120, 31, 0, 0.24%, 36, 0, 12, 4745.25
1601847196, 5, 76, 120, 31, 0, 0.24%, 36, 0, 12, 4510.00
1601847201, 5, 87, 120, 30, 0, 0.24%, 36, 0, 12, 4543.30
1601847206, 5, 106, 120, 29, 0, 0.24%, 36, 0, 12, 4412.23
1601847211, 5, 106, 120, 29, 0, 0.24%, 37, 0, 12, 4382.78
1601847216, 5, 108, 120, 28, 0, 0.24%, 37, 0, 12, 4338.31
1601847221, 5, 119, 120, 27, 0, 0.24%, 38, 0, 12, 4486.66
1601847226, 6, 2, 120, 26, 0, 0.24%, 38, 0, 12, 4688.69
1601847231, 6, 36, 120, 25, 0, 0.24%, 38, 0, 12, 4694.71
1601847237, 6, 49, 120, 25, 0, 0.24%, 38, 0, 12, 4615.16
1601847242, 6, 67, 120, 23, 0, 0.24%, 38, 0, 12, 4472.27
1601847247, 6, 83, 120, 23, 0, 0.24%, 38, 0, 12, 4531.47
1601847252, 6, 90, 120, 22, 0, 0.24%, 38, 0, 12, 4569.85
1601847257, 6, 101, 120, 21, 0, 0.24%, 38, 0, 12, 4252.10
1601847262, 6, 101, 120, 21, 0, 0.24%, 39, 0, 12, 3668.43
1601847267, 6, 109, 120, 20, 0, 0.24%, 39, 0, 12, 4246.11
1601847272, 6, 109, 120, 20, 0, 0.24%, 40, 0, 12, 4382.92
1601847277, 6, 112, 120, 19, 0, 0.24%, 40, 0, 12, 4459.91
1601847282, 7, 13, 120, 18, 0, 0.24%, 40, 0, 12, 4694.25
1601847288, 7, 67, 120, 17, 0, 0.24%, 40, 0, 12, 4693.79
1601847293, 7, 71, 120, 17, 0, 0.24%, 40, 0, 12, 3332.18
1601847298, 7, 80, 120, 16, 0, 0.24%, 40, 0, 12, 4198.01
1601847303, 7, 93, 120, 15, 0, 0.24%, 40, 0, 12, 4585.85
1601847308, 7, 97, 121, 15, 0, 0.24%, 40, 0, 12, 4705.37
1601847313, 7, 105, 121, 14, 0, 0.24%, 40, 0, 12, 4737.66
1601847318, 7, 110, 121, 14, 0, 0.24%, 40, 0, 12, 4599.34
1601847323, 7, 111, 121, 13, 0, 0.24%, 41, 0, 12, 4597.53
1601847333, 8, 50, 121, 12, 0, 0.24%, 41, 0, 12, 4615.42
1601847339, 8, 74, 121, 11, 0, 0.24%, 41, 0, 12, 4638.94
1601847344, 8, 95, 121, 10, 0, 0.24%, 41, 0, 12, 4665.83
1601847349, 8, 100, 122, 10, 0, 0.24%, 41, 0, 12, 4684.83
1601847359, 8, 113, 122, 9, 0, 0.24%, 41, 0, 12, 4428.43
1601847364, 8, 115, 122, 8, 0, 0.24%, 42, 0, 12, 4554.85
1601847369, 8, 115, 122, 8, 0, 0.24%, 43, 0, 12, 4637.20
1601847374, 9, 9, 123, 8, 0, 0.24%, 43, 0, 12, 4716.78
1601847379, 9, 70, 127, 12, 0, 0.24%, 43, 0, 12, 4714.52
1601847385, 9, 121, 129, 14, 0, 0.24%, 43, 0, 12, 4705.64
1601847390, 9, 121, 132, 17, 0, 0.24%, 43, 0, 12, 4809.57
1601847395, 9, 121, 133, 18, 0, 0.24%, 43, 0, 12, 4854.60
1601847400, 9, 127, 136, 20, 0, 0.24%, 43, 0, 12, 4443.98
1601847405, 9, 127, 149, 33, 0, 0.24%, 44, 0, 12, 4641.61
1601847410, 9, 130, 151, 34, 0, 0.24%, 45, 0, 12, 4713.24
1601847420, 9, 131, 151, 33, 0, 0.24%, 45, 0, 12, 4560.41
1601847445, 9, 139, 151, 32, 0, 0.24%, 45, 0, 12, 4142.52
1601847451, 9, 139, 151, 32, 0, 0.24%, 45, 1, 12, 3703.41
1601847456, 9, 139, 158, 39, 0, 0.24%, 45, 1, 12, 4379.43
1601847461, 9, 141, 166, 46, 0, 0.24%, 46, 1, 12, 3927.19
1601847466, 9, 141, 166, 46, 0, 0.24%, 46, 2, 12, 195.61
1601847476, 9, 141, 170, 50, 0, 0.24%, 46, 2, 12, 4302.80
1601847482, 9, 146, 171, 50, 0, 0.24%, 47, 2, 12, 3926.25
1601847492, 9, 146, 173, 52, 0, 0.24%, 48, 2, 12, 4280.23
1601847497, 9, 146, 173, 52, 0, 0.24%, 48, 3, 12, 4385.58
1601847502, 9, 151, 175, 53, 0, 0.24%, 48, 3, 12, 4364.03
1601847512, 9, 151, 177, 55, 0, 0.24%, 48, 3, 12, 4527.92
1601847517, 9, 152, 179, 56, 0, 0.24%, 50, 3, 12, 4389.80
1601847573, 9, 152, 185, 62, 0, 0.24%, 50, 3, 12, 4105.17
1601847584, 9, 153, 185, 61, 0, 0.24%, 50, 3, 12, 4273.72
1601847619, 9, 153, 185, 61, 0, 0.24%, 50, 4, 12, 4383.98
1601847624, 9, 155, 185, 60, 0, 0.24%, 50, 4, 12, 4273.43
1601847635, 9, 161, 185, 59, 0, 0.24%, 50, 4, 12, 4313.09
1601847640, 9, 161, 185, 59, 0, 0.24%, 51, 4, 12, 4115.96
1601847686, 9, 161, 187, 61, 0, 0.24%, 52, 4, 12, 4094.86
1601847691, 9, 163, 188, 61, 0, 0.24%, 53, 4, 12, 4068.29
1601847742, 9, 164, 188, 60, 0, 0.24%, 53, 4, 12, 4676.92
1601847757, 9, 167, 189, 60, 0, 0.24%, 53, 4, 12, 4079.31
1601847778, 9, 167, 190, 61, 0, 0.24%, 53, 4, 12, 4236.73
1601847783, 9, 173, 190, 60, 0, 0.24%, 53, 4, 12, 3676.23
1601847921, 9, 176, 190, 59, 0, 0.24%, 53, 4, 12, 3972.33
1601847977, 9, 179, 190, 58, 0, 0.24%, 53, 4, 12, 4230.10
1601848038, 9, 185, 193, 60, 0, 0.24%, 53, 4, 12, 4086.27
1601848043, 9, 185, 194, 61, 0, 0.24%, 53, 4, 12, 4050.22
1601848054, 9, 185, 195, 62, 0, 0.24%, 53, 4, 12, 4050.33
1601848089, 9, 185, 196, 63, 0, 0.24%, 53, 4, 12, 4174.82
1601848094, 9, 190, 196, 62, 0, 0.24%, 53, 4, 12, 4165.53
1601848150, 9, 194, 196, 61, 0, 0.24%, 53, 4, 12, 4114.40
1601848201, 10, 5, 196, 60, 0, 0.24%, 53, 4, 12, 4268.48
1601848206, 10, 72, 196, 60, 0, 0.24%, 53, 4, 12, 4577.45
1601848211, 10, 138, 196, 60, 0, 0.24%, 53, 4, 12, 4068.10
1601848222, 10, 142, 196, 59, 0, 0.24%, 53, 5, 12, 464.01
1601848232, 10, 144, 196, 58, 0, 0.24%, 53, 5, 12, 4220.87
1601848248, 10, 148, 196, 57, 0, 0.24%, 53, 5, 12, 4169.64
1601848278, 10, 174, 196, 56, 0, 0.24%, 53, 5, 12, 4231.88
1601848442, 10, 186, 197, 56, 0, 0.24%, 53, 5, 12, 4039.93
1601848467, 10, 186, 198, 57, 0, 0.24%, 53, 5, 12, 4253.02
1601848472, 10, 188, 198, 56, 0, 0.24%, 53, 5, 12, 4269.61
1601848477, 10, 188, 200, 58, 0, 0.24%, 53, 5, 12, 1619.70
1601848518, 10, 188, 201, 59, 0, 0.24%, 53, 5, 12, 911.81
1601848528, 10, 188, 202, 60, 0, 0.24%, 53, 5, 12, 1087.59
1601848533, 10, 191, 202, 59, 0, 0.24%, 53, 5, 12, 3167.17
1601848584, 10, 191, 203, 60, 0, 0.24%, 53, 5, 13, 4126.16
1601848594, 10, 199, 203, 59, 0, 0.24%, 53, 5, 13, 759.26
1601848650, 10, 200, 203, 58, 0, 0.24%, 53, 5, 13, 1935.39
1601848676, 10, 201, 203, 57, 0, 0.24%, 53, 5, 13, 319.04
1601848798, 11, 26, 203, 56, 0, 0.24%, 53, 5, 13, 4653.87
1601848803, 11, 78, 203, 56, 0, 0.24%, 53, 5, 13, 4586.36
1601848808, 11, 122, 204, 56, 0, 0.24%, 53, 5, 13, 4637.95
1601848813, 11, 122, 205, 57, 0, 0.24%, 53, 5, 13, 4629.67
1601848818, 11, 124, 205, 56, 0, 0.24%, 53, 5, 13, 4597.76
1601848823, 11, 125, 205, 55, 0, 0.24%, 53, 5, 13, 4575.62
1601848828, 11, 132, 206, 55, 0, 0.24%, 53, 5, 13, 4499.96
1601848833, 11, 133, 207, 55, 0, 0.24%, 53, 5, 13, 3308.93
1601848844, 11, 143, 207, 54, 0, 0.24%, 53, 5, 13, 4220.33
1601848859, 11, 158, 207, 53, 0, 0.24%, 53, 5, 13, 4398.79
1601848884, 11, 162, 207, 52, 0, 0.24%, 53, 5, 13, 4369.16
1601848930, 11, 165, 207, 51, 0, 0.24%, 53, 5, 13, 4097.51
1601848981, 11, 168, 207, 50, 0, 0.24%, 53, 5, 13, 4354.92
1601849001, 11, 169, 207, 49, 0, 0.24%, 53, 5, 13, 4431.03
1601849017, 11, 173, 208, 49, 0, 0.24%, 53, 5, 13, 4291.23
1601849022, 11, 175, 208, 49, 0, 0.24%, 53, 5, 13, 4168.79
1601849052, 11, 180, 208, 48, 0, 0.24%, 53, 5, 13, 4274.04
1601849114, 11, 181, 208, 47, 0, 0.24%, 53, 5, 13, 3897.03
1601849180, 11, 195, 208, 46, 0, 0.24%, 53, 5, 13, 3815.91
1601849216, 11, 203, 208, 45, 0, 0.24%, 53, 5, 13, 4200.80
1601849226, 11, 203, 209, 46, 0, 0.24%, 53, 5, 13, 4027.20
1601849231, 11, 203, 210, 47, 0, 0.24%, 53, 5, 13, 4005.96
1601849271, 11, 204, 210, 46, 0, 0.24%, 53, 5, 13, 4213.95
1601849282, 11, 205, 210, 45, 0, 0.24%, 53, 5, 13, 4207.16
1601849292, 11, 205, 211, 46, 0, 0.24%, 53, 5, 13, 4420.61
1601849297, 11, 208, 211, 45, 0, 0.24%, 53, 5, 13, 4126.28
1601849353, 12, 68, 211, 44, 0, 0.24%, 53, 5, 13, 4601.97
1601849358, 12, 120, 211, 44, 0, 0.24%, 54, 5, 13, 4605.80
1601849368, 12, 123, 211, 43, 0, 0.24%, 54, 5, 13, 4576.25
1601849373, 12, 128, 211, 42, 0, 0.24%, 54, 5, 13, 4554.94
1601849384, 12, 135, 211, 41, 0, 0.24%, 54, 5, 13, 4397.90
1601849389, 12, 148, 211, 40, 0, 0.24%, 54, 5, 13, 4609.23
1601849394, 12, 149, 211, 40, 0, 0.24%, 54, 5, 13, 4294.51
1601849445, 12, 150, 211, 39, 0, 0.24%, 54, 5, 13, 3900.75
1601849542, 12, 152, 211, 38, 0, 0.24%, 54, 5, 13, 4206.74
1601849547, 12, 159, 211, 38, 0, 0.24%, 54, 5, 13, 4192.17
1601849619, 12, 169, 211, 37, 0, 0.24%, 54, 5, 13, 4298.99
1601849624, 12, 189, 211, 37, 0, 0.24%, 54, 5, 13, 4300.49
1601849664, 12, 197, 211, 36, 0, 0.24%, 54, 5, 13, 4143.88
1601849720, 12, 206, 211, 35, 0, 0.24%, 54, 5, 13, 4592.28
1601849725, 12, 207, 211, 34, 0, 0.24%, 54, 5, 13, 4427.05
1601849786, 12, 210, 211, 33, 0, 0.24%, 54, 5, 13, 4384.58
1601849797, 12, 210, 212, 34, 0, 0.24%, 54, 5, 13, 4664.32
1601849802, 13, 38, 212, 33, 0, 0.24%, 54, 6, 13, 4703.24
1601849807, 13, 82, 212, 33, 0, 0.24%, 54, 6, 13, 4653.91
1601849812, 13, 129, 212, 33, 0, 0.24%, 54, 6, 13, 4896.52
1601849817, 13, 134, 212, 32, 0, 0.24%, 54, 6, 13, 4699.36
1601849822, 13, 166, 212, 31, 0, 0.24%, 54, 6, 13, 4509.83
1601849837, 13, 170, 212, 30, 0, 0.24%, 54, 6, 13, 3912.92
1601849955, 13, 172, 212, 29, 0, 0.24%, 54, 6, 13, 4180.33
1601849965, 13, 193, 212, 28, 0, 0.24%, 54, 6, 13, 4363.81
1601850021, 14, 25, 212, 27, 0, 0.24%, 54, 6, 13, 4257.97
1601850026, 14, 49, 212, 26, 0, 0.24%, 54, 6, 13, 4538.49
1601850031, 14, 83, 212, 26, 0, 0.24%, 54, 6, 13, 4497.52
1601850037, 14, 126, 212, 26, 0, 0.24%, 54, 6, 13, 4292.25
1601850047, 14, 147, 212, 25, 0, 0.24%, 54, 6, 13, 4051.70
1601850134, 14, 154, 212, 24, 0, 0.24%, 54, 6, 13, 4041.69
1601850190, 14, 157, 212, 23, 0, 0.24%, 54, 6, 13, 3591.02
1601850399, 14, 183, 212, 22, 0, 0.24%, 54, 6, 13, 4024.71
1601850455, 14, 192, 212, 21, 0, 0.24%, 54, 6, 13, 4204.24
1601850511, 14, 196, 212, 20, 0, 0.24%, 54, 6, 13, 4156.69
1601850563, 14, 196, 212, 20, 0, 0.24%, 54, 8, 13, 2196.12
1601850568, 14, 196, 212, 20, 0, 0.24%, 55, 9, 13, 2354.12
1601850573, 15, 66, 212, 19, 0, 0.24%, 55, 9, 13, 4227.07
1601850578, 15, 74, 212, 18, 0, 0.24%, 55, 9, 13, 4545.44
1601850583, 15, 104, 212, 18, 0, 0.24%, 55, 9, 13, 4735.34
1601850588, 15, 156, 212, 17, 0, 0.24%, 55, 9, 13, 3698.38
1601852200, 15, 160, 212, 16, 0, 0.24%, 55, 9, 13, 3804.45
1601852241, 15, 177, 212, 15, 0, 0.24%, 55, 9, 13, 4195.16
1601852318, 15, 182, 212, 14, 0, 0.24%, 55, 9, 13, 4067.80
1601852378, 15, 187, 212, 13, 0, 0.24%, 55, 9, 13, 3658.79
1601852389, 15, 202, 215, 15, 0, 0.24%, 55, 9, 14, 4067.94
1601852394, 15, 202, 216, 16, 0, 0.24%, 55, 9, 14, 4063.15
1601852399, 15, 202, 217, 17, 0, 0.24%, 55, 9, 14, 4043.42
1601852440, 15, 211, 218, 17, 0, 0.24%, 55, 9, 14, 4623.43
1601852450, 15, 213, 218, 16, 0, 0.24%, 55, 9, 14, 4216.22
1601852501, 16, 59, 218, 15, 0, 0.24%, 55, 9, 14, 4586.15
1601852506, 16, 95, 218, 15, 0, 0.24%, 55, 9, 14, 4586.36
1601852511, 16, 198, 218, 15, 0, 0.24%, 55, 9, 14, 4185.87
1601852541, 16, 212, 218, 14, 0, 0.24%, 55, 9, 14, 3516.92
1601852592, 17, 14, 218, 13, 0, 0.24%, 55, 9, 14, 4336.68
1601852598, 17, 73, 218, 13, 0, 0.24%, 55, 9, 14, 4453.66
1601852603, 17, 144, 218, 13, 0, 0.24%, 55, 9, 14, 4425.60
1601852608, 17, 154, 218, 13, 0, 0.24%, 55, 9, 14, 4269.16
1601852613, 18, 30, 218, 13, 0, 0.24%, 55, 9, 14, 4800.63
1601852618, 18, 82, 218, 13, 0, 0.24%, 55, 9, 14, 4934.06
1601852623, 18, 140, 218, 13, 0, 0.24%, 55, 9, 14, 4555.76
1601852634, 18, 147, 218, 12, 0, 0.24%, 55, 9, 14, 3677.27
1601852639, 18, 171, 218, 12, 0, 0.24%, 55, 9, 14, 3735.09
1601852807, 18, 189, 218, 11, 0, 0.24%, 56, 9, 14, 4115.94
1601852812, 19, 12, 218, 11, 0, 0.24%, 56, 9, 14, 4587.99
1601852817, 19, 68, 218, 10, 0, 0.24%, 56, 9, 14, 4615.20
1601852822, 19, 135, 218, 10, 0, 0.24%, 56, 9, 14, 4516.71
1601852827, 19, 196, 218, 10, 0, 0.24%, 57, 9, 14, 3802.39
1601852833, 20, 57, 218, 10, 0, 0.24%, 57, 9, 14, 4471.56
1601852838, 20, 132, 218, 10, 0, 0.24%, 57, 9, 14, 4547.75
1601852843, 20, 184, 218, 10, 0, 0.24%, 57, 9, 14, 4130.51
1601852899, 20, 203, 218, 9, 0, 0.24%, 57, 9, 14, 4279.42
1601852904, 21, 51, 218, 9, 0, 0.24%, 57, 9, 14, 4606.56
1601852909, 21, 107, 218, 9, 0, 0.24%, 57, 9, 14, 4608.47
1601852914, 22, 9, 218, 9, 0, 0.24%, 57, 9, 14, 4564.41
1601852919, 22, 72, 219, 10, 0, 0.24%, 57, 9, 14, 4625.34
1601852924, 22, 127, 219, 10, 0, 0.24%, 57, 9, 14, 4590.71
1601852929, 22, 137, 219, 10, 0, 0.24%, 57, 9, 14, 4337.37
1601852945, 22, 209, 219, 9, 0, 0.24%, 57, 9, 14, 4105.87
1601852995, 22, 215, 219, 8, 0, 0.24%, 57, 9, 14, 4058.14
1601853046, 22, 217, 219, 7, 0, 0.24%, 57, 9, 14, 4209.55
1601853057, 23, 35, 219, 6, 0, 0.24%, 57, 9, 14, 4657.04
1601853062, 23, 82, 219, 6, 0, 0.24%, 57, 9, 14, 4512.94
1601853067, 23, 210, 219, 6, 0, 0.24%, 57, 9, 14, 4487.31
1601853072, 23, 214, 219, 6, 0, 0.24%, 57, 9, 14, 4135.09
1601853123, 24, 17, 219, 5, 0, 0.24%, 57, 9, 14, 4354.29
1601853128, 24, 74, 219, 5, 0, 0.24%, 57, 9, 14, 4549.65
1601853133, 24, 141, 219, 5, 0, 0.24%, 57, 9, 14, 4565.61
1601853138, 24, 212, 219, 5, 0, 0.24%, 57, 9, 14, 4292.75
1601853144, 24, 216, 219, 5, 0, 0.24%, 57, 9, 14, 4129.64
1601853194, 24, 218, 219, 4, 0, 0.24%, 57, 9, 14, 4505.02
1601853204, 25, 66, 219, 3, 0, 0.24%, 57, 9, 14, 4742.06
1601853210, 25, 118, 219, 3, 0, 0.24%, 57, 9, 14, 4427.40
1601853215, 25, 136, 219, 3, 0, 0.24%, 57, 9, 14, 4323.24
1601853225, 25, 178, 219, 2, 0, 0.24%, 57, 9, 14, 4289.48
1601853296, 26, 39, 219, 1, 0, 0.24%, 57, 9, 14, 4602.53
1601853301, 26, 82, 219, 1, 0, 0.24%, 57, 9, 14, 4633.98
1601853306, 26, 145, 219, 1, 0, 0.24%, 57, 9, 14, 4303.30
1601853317, 26, 177, 219, 0, 0, 0.24%, 57, 9, 14, 4473.87
1601853322, 26, 183, 219, 0, 0, 0.24%, 57, 9, 14, 4391.20
1601853327, 26, 213, 219, 0, 0, 0.24%, 57, 9, 14, 4199.70
1601853332, 27, 47, 219, 0, 0, 0.24%, 57, 9, 14, 4510.55
1601853337, 27, 155, 219, 0, 0, 0.24%, 58, 9, 14, 4550.35
1601853342, 27, 202, 219, 0, 0, 0.24%, 58, 9, 14, 4427.39
1601853347, 28, 68, 219, 0, 0, 0.24%, 58, 9, 14, 4576.06
1601853353, 28, 193, 219, 0, 0, 0.24%, 58, 9, 14, 4545.95
1601853358, 29, 42, 219, 0, 0, 0.24%, 58, 9, 14, 4588.09
1601853363, 29, 103, 219, 0, 0, 0.24%, 59, 9, 14, 4617.74
1601853368, 30, 28, 219, 0, 0, 0.24%, 59, 9, 14, 4477.52
1601853373, 30, 79, 219, 0, 0, 0.24%, 60, 9, 14, 4606.51
1601853378, 30, 199, 219, 0, 0, 0.24%, 60, 9, 14, 4487.94
1601853383, 31, 72, 219, 0, 0, 0.24%, 60, 9, 14, 4635.90
1601853388, 31, 148, 219, 0, 0, 0.24%, 60, 9, 14, 4579.82
1601853394, 32, 30, 219, 0, 0, 0.24%, 60, 9, 14, 4600.87
1601853399, 32, 74, 219, 0, 0, 0.24%, 60, 10, 14, 4646.92
1601853404, 32, 151, 219, 0, 0, 0.24%, 60, 10, 14, 4563.31
1601853409, 32, 198, 219, 0, 0, 0.24%, 60, 10, 14, 4332.56
1601853414, 33, 69, 219, 0, 0, 0.24%, 60, 10, 14, 4613.61
1601853419, 33, 199, 219, 0, 0, 0.24%, 60, 10, 14, 4458.06
1601853424, 34, 69, 219, 0, 0, 0.24%, 60, 10, 14, 4600.59
1601853429, 34, 183, 219, 0, 0, 0.24%, 60, 10, 14, 4557.44
1601853434, 35, 48, 219, 0, 0, 0.24%, 60, 10, 14, 4730.81
1601853440, 35, 82, 219, 0, 0, 0.24%, 60, 10, 14, 4672.75
1601853445, 35, 170, 219, 0, 0, 0.24%, 60, 10, 14, 4216.09
1601853450, 36, 30, 219, 0, 0, 0.24%, 60, 10, 14, 4277.65
1601853455, 36, 77, 219, 0, 0, 0.24%, 60, 10, 14, 4465.36
1601853460, 36, 155, 219, 0, 0, 0.24%, 60, 10, 14, 4553.24
1601853465, 36, 213, 219, 0, 0, 0.24%, 60, 10, 14, 4348.10
1601853470, 37, 69, 219, 0, 0, 0.24%, 60, 10, 14, 4600.38
1601853475, 37, 207, 219, 0, 0, 0.24%, 60, 10, 14, 4478.83
1601853481, 38, 28, 219, 0, 0, 0.24%, 60, 10, 14, 4511.35
1601853486, 38, 75, 219, 0, 0, 0.24%, 60, 10, 14, 4585.60
1601853491, 39, 10, 219, 0, 0, 0.24%, 60, 10, 14, 4552.73
1601853496, 39, 73, 219, 0, 0, 0.24%, 60, 10, 14, 4627.60
1601853501, 39, 171, 219, 0, 0, 0.24%, 60, 10, 14, 4434.38
1601853506, 40, 43, 219, 0, 0, 0.24%, 60, 10, 14, 4587.52
1601853512, 40, 82, 219, 0, 0, 0.24%, 60, 10, 14, 4582.09
1601853517, 40, 172, 219, 0, 0, 0.24%, 60, 10, 14, 4472.48
1601853522, 40, 204, 219, 0, 0, 0.24%, 60, 10, 14, 4463.96
1601853527, 40, 219, 220, 1, 1, 0.24%, 61, 10, 15, 4265.11
1601853532, 40, 219, 220, 1, 1, 0.24%, 62, 10, 15, 4196.42
1601853542, 40, 219, 220, 1, 1, 0.24%, 74, 10, 15, 4192.43
1601853583, 40, 219, 220, 1, 1, 0.24%, 75, 10, 15, 4267.64
1601853588, 41, 70, 220, 0, 0, 0.24%, 75, 10, 15, 4496.23
1601853593, 41, 171, 220, 0, 0, 0.24%, 75, 10, 15, 4338.44
1601853599, 41, 219, 220, 0, 0, 0.24%, 75, 10, 15, 4342.14
1601853604, 42, 64, 220, 0, 0, 0.24%, 75, 10, 15, 4499.32
1601853609, 42, 106, 220, 0, 0, 0.24%, 75, 10, 15, 4426.75
1601853614, 42, 211, 220, 0, 0, 0.24%, 75, 10, 15, 4508.21
1601853619, 42, 219, 220, 0, 0, 0.24%, 75, 10, 15, 4341.81
1601853624, 43, 70, 220, 0, 0, 0.24%, 75, 10, 15, 4052.66
1601853629, 43, 205, 220, 0, 0, 0.24%, 75, 10, 15, 4633.39
1601853635, 43, 219, 220, 0, 0, 0.24%, 75, 10, 15, 3408.17
1601853640, 44, 70, 220, 0, 0, 0.24%, 75, 10, 15, 4250.64
1601853645, 44, 173, 220, 0, 0, 0.24%, 75, 10, 15, 4346.38
1601853650, 44, 207, 220, 0, 0, 0.24%, 75, 11, 15, 3262.76
1601853655, 45, 43, 220, 0, 0, 0.24%, 75, 11, 15, 4302.60
1601853660, 45, 151, 220, 0, 0, 0.24%, 75, 11, 15, 4440.21
1601853665, 45, 216, 220, 0, 0, 0.24%, 75, 11, 15, 4341.18
1601853670, 46, 28, 220, 0, 0, 0.24%, 75, 11, 15, 4509.65
1601853675, 46, 82, 220, 0, 0, 0.24%, 75, 11, 15, 4553.03
1601853680, 46, 196, 220, 0, 0, 0.24%, 75, 11, 15, 4176.88
1601853686, 47, 35, 220, 0, 0, 0.24%, 76, 11, 15, 4444.73
1601853691, 47, 155, 220, 0, 0, 0.24%, 76, 11, 15, 4511.85
1601853696, 47, 219, 220, 0, 0, 0.24%, 76, 11, 15, 4437.23
1601853701, 48, 47, 220, 0, 0, 0.24%, 76, 11, 15, 4564.56
1601853706, 48, 149, 220, 0, 0, 0.24%, 76, 11, 15, 4497.78
1601853711, 48, 219, 220, 0, 0, 0.24%, 76, 11, 15, 4402.06
1601853716, 49, 48, 220, 0, 0, 0.24%, 76, 11, 15, 4599.28
1601853722, 49, 166, 220, 0, 0, 0.24%, 76, 11, 15, 4574.46
1601853727, 49, 219, 220, 0, 0, 0.24%, 77, 11, 15, 4462.35
1601853732, 50, 60, 220, 0, 0, 0.24%, 77, 11, 15, 4621.40
1601853737, 50, 160, 220, 0, 0, 0.24%, 77, 11, 15, 4535.63
1601853742, 50, 185, 220, 0, 0, 0.24%, 77, 11, 15, 4450.05
1601853747, 50, 219, 220, 0, 0, 0.24%, 77, 11, 15, 4508.48
1601853753, 51, 70, 220, 0, 0, 0.24%, 77, 11, 15, 4624.26
1601853758, 51, 150, 220, 0, 0, 0.24%, 77, 11, 15, 4475.44
1601853763, 52, 38, 220, 0, 0, 0.24%, 77, 11, 15, 4566.22
1601853768, 52, 121, 220, 0, 0, 0.24%, 77, 11, 15, 4619.31
1601853773, 53, 3, 220, 0, 0, 0.24%, 77, 11, 15, 4454.60
1601853778, 53, 73, 220, 0, 0, 0.24%, 77, 11, 15, 4618.65
1601853783, 53, 207, 220, 0, 0, 0.24%, 77, 11, 15, 4446.40
1601853788, 54, 3, 220, 0, 0, 0.24%, 77, 11, 15, 4477.11
1601853794, 54, 68, 220, 0, 0, 0.24%, 77, 11, 15, 4594.07
1601853799, 54, 143, 220, 0, 0, 0.24%, 77, 11, 15, 4557.30
1601853804, 55, 27, 220, 0, 0, 0.24%, 77, 11, 15, 4601.46
1601853809, 55, 102, 220, 0, 0, 0.24%, 77, 11, 15, 4611.65
1601853814, 55, 205, 220, 0, 0, 0.24%, 77, 11, 15, 4455.65
1601853819, 56, 21, 220, 0, 0, 0.24%, 77, 11, 15, 4562.22
1601853825, 56, 75, 220, 0, 0, 0.24%, 77, 11, 15, 4603.32
1601853830, 56, 172, 220, 0, 0, 0.24%, 77, 11, 15, 4549.34
1601853835, 57, 29, 220, 0, 0, 0.24%, 77, 11, 15, 4484.10
1601853840, 57, 163, 220, 0, 0, 0.24%, 77, 11, 15, 4542.93
1601853845, 58, 64, 220, 0, 0, 0.24%, 77, 11, 15, 4620.25
1601853850, 58, 184, 220, 0, 0, 0.24%, 77, 11, 15, 4428.41
1601853855, 59, 64, 220, 0, 0, 0.24%, 77, 11, 15, 4624.06
1601853861, 59, 192, 220, 0, 0, 0.24%, 77, 11, 15, 4507.08
1601853866, 60, 68, 220, 0, 0, 0.24%, 77, 11, 15, 4610.03
1601853871, 60, 204, 220, 0, 0, 0.24%, 77, 11, 15, 4477.36
1601853876, 61, 28, 220, 0, 0, 0.24%, 77, 11, 15, 4559.41
1601853881, 61, 78, 220, 0, 0, 0.24%, 77, 11, 15, 4382.91
1601853886, 62, 28, 220, 0, 0, 0.24%, 78, 11, 15, 4472.67
1601853891, 62, 79, 220, 0, 0, 0.24%, 78, 11, 15, 4518.84
1601853897, 62, 162, 220, 0, 0, 0.24%, 78, 11, 15, 4383.10
1601853902, 63, 20, 220, 0, 0, 0.24%, 78, 11, 15, 4467.98
1601853907, 63, 79, 220, 0, 0, 0.24%, 78, 11, 15, 4566.77
1601853912, 63, 187, 220, 0, 0, 0.24%, 78, 11, 15, 4363.74
1601853917, 64, 67, 220, 0, 0, 0.24%, 78, 11, 15, 4582.29
1601853922, 64, 195, 220, 0, 0, 0.24%, 78, 11, 15, 4512.16
1601853928, 65, 21, 220, 0, 0, 0.24%, 78, 11, 15, 4463.66
1601853933, 65, 78, 220, 0, 0, 0.24%, 78, 11, 15, 4507.69
1601853938, 66, 28, 220, 0, 0, 0.24%, 78, 11, 15, 4586.26
1601853943, 66, 79, 220, 0, 0, 0.24%, 78, 11, 15, 4615.82
1601853948, 66, 212, 220, 0, 0, 0.24%, 78, 11, 15, 4442.89
1601853953, 67, 66, 220, 0, 0, 0.24%, 78, 11, 15, 4550.77
1601853958, 67, 143, 220, 0, 0, 0.24%, 78, 11, 15, 4431.33
1601853963, 67, 219, 220, 0, 0, 0.24%, 78, 11, 15, 4402.20
1601853968, 68, 70, 220, 0, 0, 0.24%, 78, 11, 15, 4581.11
1601853974, 69, 14, 220, 0, 0, 0.24%, 78, 11, 15, 4518.54
1601853979, 69, 78, 220, 0, 0, 0.24%, 78, 11, 15, 4590.12
1601853984, 69, 159, 220, 0, 0, 0.24%, 78, 11, 15, 4466.16
1601853989, 69, 219, 220, 0, 0, 0.24%, 78, 11, 15, 4315.19
1601853994, 70, 73, 220, 0, 0, 0.24%, 78, 11, 15, 4529.84
1601853999, 70, 180, 220, 0, 0, 0.24%, 79, 11, 15, 4467.06
1601854004, 71, 9, 220, 0, 0, 0.24%, 79, 11, 15, 4433.11
1601854009, 71, 75, 220, 0, 0, 0.24%, 79, 11, 15, 4551.34
1601854015, 71, 198, 220, 0, 0, 0.24%, 79, 11, 15, 4491.11
1601854020, 72, 47, 220, 0, 0, 0.24%, 79, 11, 15, 4533.08
